- OS: Windows-11-10.0.26200-SP0 10.0.26200
- Python: 3.12.0
- Stable-Baselines3: 2.9.0
- PyTorch: 2.12.1+cpu
- GPU Enabled: False
- Numpy: 1.26.4
- Cloudpickle: 3.1.2
- Gymnasium: 1.3.0
